000000 0,2,2
000001 1,1,3
000010 2,1,2
000011 0,0,1
000100 0,1,1
000101 1,0,3
000110 0,0,2
000111 1,2,1
001000 1,0,1
001001 1,0,2
001010 0,3,2
001011 0,3,1
001100 1,3,1
001101 0,2,2
001110 1,3,2
001111 0,2,1
010000 2,2,3
010001 2,2,1
010010 3,0,3
010011 2,1,3
010100 3,3,3
010101 2,3,2
010110 3,3,2
010111 2,3,1
011000 3,2,2
011001 3,3,1
011010 3,2,1
011011 2,0,3
011100 2,0,2
011101 1,1,2
011110 3,0,2
011111 3,1,2
100000 0,1,3
100001 0,3,3
100010 0,0,3
100011 2,2,3
100100 0,2,3
100101 1,3,3
100110 2,2,0
100111 1,1,1
101000 2,2,2
101001 2,1,1
101010 2,1,0
101011 3,2,0
101100 0,2,0
101101 0,0,0
101110 3,1,0
101111 2,3,3
110000 3,1,1
110001 2,0,1
110010 1,2,2
110011 1,2,0
110100 1,1,0
110101 3,0,1
110110 1,0,0
110111 0,1,0
111000 1,3,0
111001 2,3,0
111010 2,0,0
111011 0,3,0
111100 3,0,0
111101 3,3,0
111110 3,1,3
111111 3,2,3
